900834001
900843801
900869801
900870301
900870501
900870601
900871301
900871601
900872801
900873701
900874101
900875501
900876701
900877501
900880301
900880601
900881301
900882701
900882801
900883101
900883801
900884001
900895201
900895301
900897501
900902001
900902601
900902801
900902901
900904201
900904201_OT1
900904301
900904401
900905801
900906201
900906501
900906701
900907801
900908001
900908201
900908401
900909101
900909201
900909301
900909501
900909701
900909901
900910701
900911001
900911101
900911301
900911401
900911501
900911801
900912001
900912201
900912401
900912601
900912701
900913001
900914601
900914901
900915301
900915701
900916701
900917401
900926801
900927901
900929501
900936101
900936201
900936301
900936401
900937701
900944201
900947401
900947701
900948001
900948101
900948201
900948301
900948401
900948501
900948601
900948701
900948901
900949201
900949401
900949501
900949601
900967401
900967601
900968301
900969401
900969501
900972801
900978801
900979001
900979201
900979201_OT1
900979801
900980601
900981101
900986101
900986201
901005501
901007001
901010501
901010601
901012901
901013001
901014001
901014101
901014301
901014401
901015001
901015101
901015201
901015301
901015401
901015501
901015601
901016001
901016101
901016101 USZK1
901016201
901016301
901016701
901016901
901017101
901017301
901017401
901017601
901017701
901017801
901018001
901018101
901018301
901018501
901018601
901019701
901019901
901020401
901020601
901020801
901020901
901021301
901021501
901021701
901021801
901021901
901022101
901022201
901023801
901023901
901026801
901027301
901027401
901027701
901028001
901029001
901029901
901030701
901030901
901031001
901031201
901031301
901031601
901031801
901031901
901034401
901034701
901038301
901038501
901038701
901038801
901039801
901039901
901040401
901040801
901041001
901041201
901041701
901042201
901042701
901043001
901043201
901044101
901044501
901044901
901045101
901045401
901045501
901045701
901046001
901046101
901048101
901050501
901052001
901052301
901052501
901052701
901058301
901058501
901060601
901060701
901060801
901060801O
901074801
901074901
901074901_OT1
901082501
901082601
901082701
901082801
901082901
901083401
901083601
901083801
901084701
901085701
901085901
901086001
901086101
901086301
901086501
901086701
901086901
901087001
901087201
901087401
901087601
901088501
901089501
901089701
901089901
901090101
901090301
901090501
901090701
901090901
901091201
901091401
901091701
901091801
901094201
901098701
901098801
901098901
901099001
901099101
901099201
901099301
901099401
901099501
901099601
901099701
901099901
901100001
901100101
901100201
901100301
901100401
901100501
901100601
901100801
901100901
901101001
901101201
901101301
901101401
901101501
901101601
901101701
901101801
901101901
901102001
901102101
901102201
901102301
901102401
901102501
901102601
901102701
901102801
901102901
901103001
901103101
901103201
901103301
901103401
901103801
901103901
901104001
901104101
901104201
901104301
901104401
901104501
901104601
901104701
901104801
901104901
901105001
901105101
901105201
901105301
901105401
901105501
901105601
901105801
901105901
901106001
901106101
901106801
901106901
901107001
901107101
901107201
901107301
901107401
901107501
901107601
901107701
901107801
901107901
901108701
901108801
901108901
901109001
901109101
901109201
901109301
901109401
901126401
901126501
901126601
901126701
901145001
901153501
901153601
901153801
901153901
901153901_OT1
901153901_OT2
901154001
901154101
901154101_OT1
901154201
901156801
901160701
901160801
901161101
901161301
901161501
901161801
901161901
901162001
901162101
901162201
901162301
901162401
901162501
901162701
901163001
901163101
901163201
901163401
901163601
901163701
901164001
901164101
901164201
901164401
901164501
901164701
901164901
901165401
901165601
901165701
901165801
901166301
901166601
901166701
901166801
901166901
901167001
901167101
901167201
901181501
901182701
901184801
901185001
901185301
901185601
901186001
901186201
901186501
901187601
901187901
901192101
901193201
901201901
901202101
915733210
92232
92233
952030249
952711913
952711918
952715643
952715645
952715654
952715674
953511703
953512401
953515902
953524901
953525901
953534901
953875026
953875027
953875069
953875074
953875077
954120042
954120043
954120046
954120049
954120090
960710003
960710005
960710006
960710007
960710019
960710024
960710025
960710032
960710038
960710041
964901030
964954002
964993001
964994301
964995703
965070901
965148001
965148101
965153701
965154601
965169301
965173603
965181201
965870501
965870601
965874901
965894003
965896801
965897001
965899401
965968118
965997401
966001901
966003101
966003501
966015902
966037802
966043601
966043901
966044001
966044201
966068601
966408201
966408701
966408801
966408901
966409001
966409101
966409201
966409401
966409601
966409901
966415901
966416001
966416101
966424101
966424201
966428318
966433901
966453001
966453101
966453102
966453301
966453302
966477101
966477201
966532401
966545201
966563501
966604703
966604802
966606501
966606801
966609701
966610101
966610702
966617201
966626101
966628802
966628902
966629004
966629601
966635101
966635301
966641301
966641401
966641601
966641801
966641901
966642501
966642701
966643401
966643501
966646101
966647201
966647401
966652501
966661001
966661301
966662401
966687001
966687901
966688001
966688101
966688401
966711001
966726601
966733118
966733418
966733918
966754501
966754901
966769301
966769301_OT1
966769601
966769601_OT1
966775901
966776145
9667787010
966779701
966779901
966780004
966786101
966786201
966791501
966796301
966796401
966796501
966799201
966807301
966809501
966809601
966809602
966827301
966829807
966850101
966960801
966961001
966970001
966970101
966970201
966971401
966971501
966978701
966978801
966997214
967008402
967008601
967027101
967027201
967039001
967039101
967039301
967039401
967039501
967039801
967039901
967040701
967043701
967043801_OT1
967044801
967045101
967047801
967047901
967048001
967048101
967048201
967048301
967048401
967048501
967048901
967068201
967078801
967079301
967079401
967079501
967079801
967085301
967085401
967089201
967089301
967091901
967093201
967093401
967093501
967093601
967093701
967093801
967093901
967094001
967094101
967094701
967094801
967094901
967095101
967095601
967095801
967095901
967096001
967096101
967096201
967096301
967096401
967096501
967096701
967096801
967096901
967097001
967097101
967098201
967098804
967099301
967099701
967100803
967100901
967101301
967101801
967101901
967102101
967102201
967102401
967102501
967104501
967104601
967104701
967104802
967106401
967107601
967108401
967109101
967144304
967148302
967152201
967152301
967152401
967152601
967172001
967172101
967176401
967176704
967178402
967181402
967185901
967188501
967193305
967195701
967205201
967205716
967236401
967236501
967236601
967238001
967238201
967238301
967239601
967243801
967244401
967244501
967244501 10 METROW
967244501 2 METRY
967244501 5 METROW
967245301
967245401
967245901
967246001
967246101
967246201
967246301
967246701
967246801
967246901
967247201
967247201 10 METROW
967247201 5 METROW
967247501
967247601
967247701
967247701 10 METROW
967247701 2 METRY
967247701 5 METROW
967247801
967248101
967248101 10 METROW
967248101 5 METROW
967248501
967250301
967250901
967251301
967255701
967258665
9672587012
967263601
967276701
967283701
967284201
967286401
967287514
967288101
967290701
967293701
967294201
967294401
967296201
967296301
967296401
967296501
967296701
967296901
967297101
967298201
967298201M
967298201M 10 METROW
967298401
967298401 10 METROW
967298401 5 METROW
967302501
967305201
967305401
967305601
967305901
967306301
967306701
967307001
967307201
967311901
967312401
967312501
967312801
967312901
967313301
967313401
967313801
967313901
967314301
967314401
967314801
967314901
967315601
967315701
967316101
967316201
967319101
967319201
967319801
967324801
967324901
967329601
967330201
967330301
967330401
967330501
967330601
967333701
967335631
967339801
9673413100
967348001
967348101
967602701
967603001
967608201
967608301
967608401
967608501
967623603
967623801
967623901
967628301
967632201
967632301
967632401
967632501
967632601
967632701
967632801
967632901
967633001
967633411
967635101
967635201
967637601
967637904
967638301
967639003
967639103
967645411
967648401
967648901
967649001
967649101
967654001
967654301
967656601
967657001
967658401
967658701
967659201
967662001
967664704
967665007
967665107
967666401
967666601
967666801
967667001
967667201
967667401
967668101
967668901
967670501
967674001
967674001_OT1
967674201
967674301
967674501
967674501_OT1
967674601
967675001
967675001_OT1
967675001_OT2
967675201
967675401
967675501
967675601
967675901
967676101
967676101_OT1
967676101_OT2
967676201
967676401
967676501
967676701
967676801
967676901
967677001
967677601
967677701
967677801
967679601
967679901
967681102
967681103
967682101
967687101
967687901
967687901_OT1
967688203
967688401
967690501
967690635
967690835
967690935
967692901
967693001
967693101
967693201
967693301
967693401
967693501
967693601
967694101
967694201
967704601
967721001
967721601
967788735
967791001
967795901
967796203
967821601
967845707
967848201
967850504
967850605
967850607
967853311
967853411
967853701
967853801
967854101
967854201
967854301
967854401
967854502
967854701
967855001
967855102
967856601
967856701
967856801
967856901
967857001
967857101
967860401
967861001
967861101
967861501
967861814
967861903
967862001
967862103
967862301
967866801
967866901
967868001
967868101
967868201
967868301
967868401
967868501
967868601
967868701
967868801
967869501
967884811
967896601
967907901
967908101
967908501
967908601
967909001
967909101
967909501
967909601
967909801
967909901
967910001
967914501
967914601
967914801
967915201
967915503
967915813
967916
967916111
967916203
967916601
967916701
967916801
967916901
967917301
967922203
967922206
967922301
967922301_OT1
967926801
967926901
967927101
967927401
967927701
967928001
967928101
967933201
967937701
967940701
967944501
967944901
967945101
967946401
967947201
967947901
967948001
967950907
967954401
967954501
967954601
967954701
967954801
967954901
967955001
967955101
967955201
967957001
967957201
967963503
967967902
967970101
967971203
967972101
967972201
967972301
967972501
967974011
967974501
967974601
967974801
967975001
967975201
967975401
967975601
967976101
967976102
967976201
967976301
967976401
967976501
967976501_OT1
967976501_OT2
967976501_OT3
967976601
967976701
967976801
967977101
967978101
967978201
967978301
967978401
967978501
967978601
967980501
967980601
967981101
967982701
967984602
967985301
967986301
967986401
967986501
967986701
967987914
967988801
967988901
967989001
967989101
967989201
967989301
967991001
967998701
967998701_OT1
967999001
967999801
967999801_OT1
967999801_OT2
967999801_OT3
968388202
968388204
968424101
968999132
970442501
970442601
970442601_OT1
970442901
970443001
970443101
970443201
970443301
970444601
970444701
970444801
970445001
970446601
970448901
970449302
970450101
970455501
970455502
970456211
970457101
970457201
970457401
970460301
970460401
970461301
970461501
970462701
970462807
970462907
970466101
970466401
970466701
970466903
970468101
970468201
970468301
970468401
970470401
970470501
970470601
970470701
970470801
970470901
970471001
970471101
970471201
970471301
970471401
970471501
970471601
970471711
970472701
970472901
970473101
970473301
970473501
970474001
970474201
970474401
970475001
970475101
970475301
970475401
970476801
970476901
970476901_OT1
970477201
970477301
970477401
970477501
970477701
970477801
970477901
970478001
970478101
970480501
970480601
970480701
970480901
970481001
970481001_OT1
970481201
970481401
970482301
970482401
970483914
970485501
970485601
970485701
970485901
970486001
970486101
970486201
970486301
970486401
970487601
970487801
970488001
970488101
970488201
970488301
970488401
970488501
970489101
970496301
970496401
970496501
970496601
970496701
970496801
970500901
970500904
970501215
970503101
970504301
970508201
970508301
970508401
970508501
970508601
970508701
970508801
970509001
970510801
970510901
970511001
970511201
970511601
970511701
970511801
970511901
970512001
970512201
970512401
970512601
970513501
970513701
970513801
970513901
970515901
970515902
970515904
970515905
970515906
970517801
970518114
970519401
970519501
970521501
970521601
970522001
970522301
970522601
970523401
970524801
970524801_OT1
970525001
970525001_OT1
970525201
970525301
970525301_OT1
970525401
970526711
970526811
970527401
970527401_OT1
970528601
970528701
970529001
970529501
9705295011
970531201
970531202
970534801
970535111
970535401
970535501
970535601
970535701
970535901
970536001
970536003
970536101
970536301
970536401
970536501
970536502
970536701
970536801
970536901
970537001
970537101
970537101_OT1
970537201
970537301
970540801
970541101
970541201
970541301
970541401
970541501
970541601
970541701
970541804
970541902
970542001
970542301
970542401
970542601
970542801
970542901
970545401
970545501
970545601
970545701
970545901
970546001
970546801
970547601
970547601_OT1
970547701
970547801
970547901
970548001
970548101
970548301
970548601
970548701
970548801
970548901
970549001
970551401
970551501
970556701
970558301
970558501
970558601
970558735
970559735
970560035
970567901
970568511
970568511_OT1
970571507
970572414
970573501
970573601
970574001
970584801
970586201
970586301
970587001
970587801
970600601
970600801
970600901
970601001
970601106
970606401
970606601
970606801
970607201
970607301
970607401
970607801
970607901
970614101
970614401
970617501
970618301
970618501
970618601
970618801
970619001
970619101
970619201
970619301
970619401
970619601
970620204
970620207
970620211
970620213
970620304
970620402
970620404
970620807
970620907
970620907_OT1
970621101
970621201
970621305
970621405
970621701
970622201
970622301
970622401
970622501
970623301
970624701
970624901
970625001
970625201
970625201_OT1
970625201_OT2
970625301
970625501
970625701
970625901
970626001
970627301
970627501
970627701
970627901
970628001
970628101
970628201
970628301
970628401
970628501
970628601
970628701
970629001
970629101
970629301
970629401
970629601
970629701
970629801
970629901
970630001
970630101
970630201
970630301
970631501
970631601
970631901
970633301
970633401
970633501
970633601
970633601_OT1
970633701
970633901
970634001
970634201
970635201
970635401
970635601
970635901
970636001
970636001_OT1
970636101
970636501
970638001
970638101
970638801
970641401
970642001
970642101
970642301
970642401
970642501
970642601
970642701
970642901
970643001
970643201
970643501
970643601
970643701
970643901
970644001
970644501
970644901
970645101
970648001
970648101
970648303
970648306
970648401
970649802
970649804
970651711
970652901
970653011
970653101
970653101_OT1
970653201
970653301
970653401
970653501
970653701
970653801
970653901
970654111
970654311
970654411
970655401
970656101
970656311
970656511
970656711
970657015
970658401
970658701
970663301
970663401
970663518
970663901
970697501
970702015
970702715
970702915
970704801
970705003
970711418
970713007
970713107
970714201
970716107
970716201
970716412
970716604
970716702
970716704
970717101
970717201
970717811
970720502
970720504
970721501
970721601
970722301
970722401
970722501
970722601
970725801
970726201
970726601
970727701
970727801
970728001
970728301
970729301
970730311
970730511
970732401
970744301
970744402
970745211
970745511
970747101
970749901
970753701
970753702
970754401
970754402
970759501
970759701
970759801
970762201
970762301
970762401
970762801
970762901
970763201
970763301
970763801
970764201
970764801
970764901
970765301
970765401
970766501
970766601
970766901
970767001
970767401
970767801
970774701
970774801
970774901
970775201
970775301
970775401
970789201
970792004
970795401
970795501
970795601
970795701
970801407
970802707
970803811
970806601
970811401
970811901
970812301
970816201
970819301
970819611
970819711
970819811
970819911
970820011
970820111
970820211
970825901
970826001
970826101
970826301
970826501
970826701
970827002
970827101
970827102
970827202
970827301
970827302
970827401
970827501
970827502
970827601
970827602
970831011
970831111
970832701
970838001
970838101
970838201
970838308
970838310
970838410
970838904
970839201
970839701
970839801
970840702
970842501
970842601
970843001
970844001
970845301
970845301_OT1
970858802
970862201
997103110
997103610
